n= 0:105;

Sx = n*0