n= 0:105;
